Webots Project File version R2023b
perspectives: 000000ff00000000fd00000002000000010000017f0000032afc0200000001fb0000001400540065007800740045006400690074006f007201000000160000032a0000008600ffffff00000003000005e20000003afc0100000001fb0000001a0043006f006e0073006f006c00650041006c006c0041006c006c0100000000000005e20000006900ffffff000004610000032a00000001000000020000000100000008fc00000000
simulationViewPerspectives: 000000ff0000000100000002000001b9000002000100000002010000000100
sceneTreePerspectives: 000000ff00000001000000030000002a000000c0000000fc0100000002010000000200
maximizedDockId: -1
centralWidgetVisible: 1
orthographicViewHeight: 1
textFiles: 0 "controllers/grocery_shopper/grocery_shopper.py"
consoles: Console:All:All
renderingDevicePerspectives: TIAGo Steel:camera;0;0.416667;0;0
renderingDevicePerspectives: TIAGo Steel:display;0;0.277778;0;0
